(_env) C:\spacy-tr>py spacy_tr.py train tr models\model1 imst-json\tr_imst-ud-train.json imst-json\tr_imst-ud-dev.json --pipeline tagger,parser
Training pipeline: ['tagger', 'parser']
Starting with blank model 'tr'
Counting training words (limit=0)

Itn  Tag Loss    Tag %    Dep Loss    UAS     LAS    Token %  CPU WPS
---  ---------  --------  ---------  ------  ------  -------  -------
  1  15779.492    82.112  50655.679  49.618  29.116  100.000     5634                                                                            
  2   8630.536    85.875  46510.882  55.420  38.005  100.000     5210
  3   6397.646    87.507  42910.649  58.435  42.982  100.000     5501
  4   4961.994    88.284  40583.380  59.906  45.955  100.000     5487
  5   3984.865    88.543  38289.893  61.536  47.717  100.000     4272
  6   3319.940    88.951  35661.965  61.608  48.613  100.000     4720
  7   2774.299    89.190  33781.772  62.549  49.531  100.000     5584
  8   2233.661    89.140  32225.974  62.747  50.212  100.000     5499
  9   2044.441    89.050  30045.616  62.501  50.463  100.000     5448
 10   1733.220    89.230  29371.105  62.667  50.908  100.000     5575
 11   1598.092    89.329  27629.991  62.856  50.881  100.000     5178
 12   1393.343    89.200  26612.153  62.837  50.996  100.000     5676
 13   1290.182    89.210  25723.062  63.143  51.347  100.000     5587
 14   1205.404    89.120  23957.114  63.107  51.495  100.000     4545
 15   1181.474    89.060  23864.286  62.873  51.407  100.000     4588
 16   1050.263    89.239  22475.261  63.169  51.598  100.000     3216
 17    970.806    89.140  21452.810  63.213  51.631  100.000     5442
 18    891.024    89.329  20842.010  63.370  51.785  100.000     5729
 19    843.279    89.429  20202.778  63.080  51.619  100.000     4587
 20    794.083    89.419  19519.685  63.136  51.734  100.000     4640
 21    709.775    89.429  18959.244  63.213  51.655  100.000     5325
 22    756.149    89.429  18095.727  63.137  51.604  100.000     4269
 23    662.026    89.449  18026.974  63.371  51.812  100.000     5408
 24    655.039    89.588  17150.487  63.545  52.097  100.000     5583
 25    579.219    89.668  16988.151  63.407  52.115  100.000     3660
 26    619.114    89.608  16132.380  63.528  52.284  100.000     5681
 27    561.423    89.658  16361.598  63.774  52.590  100.000     4970
 28    564.463    89.608  15680.652  63.701  52.639  100.000     5159
 29    567.048    89.608  15249.016  63.637  52.526  100.000     4140
 30    474.485    89.548  14544.287  63.806  52.672  100.000     5491
✔ Saved model to output directory
models\model1\model-final
✔ Created best model
models\model1\model-best