(.env) PS C:\Users\imete\spacy-tr> py spacy_tr.py train tr model-akoksal imst-json\tr_imst-ud-train.json imst-json\tr_imst-ud-dev.json --vectors .\vectors\tr_vectors_wiki-akoksal\
✔ Created output directory: model-akoksal
Training pipeline: ['tagger', 'parser', 'ner']
Starting with blank model 'tr'
Loading vector from model '.\vectors\tr_vectors_wiki-akoksal\'
Counting training words (limit=0)

Itn  Tag Loss    Tag %    Dep Loss    UAS     LAS    NER Loss   NER P   NER R   NER F   Token %  CPU WPS
---  ---------  --------  ---------  ------  ------  ---------  ------  ------  ------  -------  -------
  1  14015.563    85.616  50154.349  52.752  33.856      0.000   0.000   0.000   0.000  100.000     4944
  2   7369.767    88.612  44543.430  58.550  42.705      0.000   0.000   0.000   0.000  100.000     5388
  3   5523.096    89.628  40986.544  60.972  46.957      0.000   0.000   0.000   0.000  100.000     5295
  4   4342.022    90.135  38529.899  63.136  50.351      0.000   0.000   0.000   0.000  100.000     5329
  5   3543.741    90.195  36330.588  64.261  52.125      0.000   0.000   0.000   0.000  100.000     5421
  6   2903.211    90.434  34208.336  64.713  52.952      0.000   0.000   0.000   0.000  100.000     5472
  7   2499.119    90.534  32699.185  65.286  53.694      0.000   0.000   0.000   0.000  100.000     5489
  8   2124.750    90.404  31133.675  65.165  53.731      0.000   0.000   0.000   0.000  100.000     5534
  9   1827.721    90.434  29234.019  65.230  54.003      0.000   0.000   0.000   0.000  100.000     4978
 10   1624.585    90.394  27919.611  65.609  54.481      0.000   0.000   0.000   0.000  100.000     5415
 11   1416.327    90.514  26528.091  65.589  54.653      0.000   0.000   0.000   0.000  100.000     5376
 12   1319.796    90.474  25636.994  65.553  54.605      0.000   0.000   0.000   0.000  100.000     5366
 13   1182.130    90.424  24475.041  65.763  54.804      0.000   0.000   0.000   0.000  100.000     4480
 14   1032.144    90.474  23481.340  65.730  54.795      0.000   0.000   0.000   0.000  100.000     5015
 15   1017.075    90.484  22435.490  65.613  54.835      0.000   0.000   0.000   0.000  100.000     5331
 16    873.073    90.454  21451.853  65.234  54.674      0.000   0.000   0.000   0.000  100.000     5302
 17    836.170    90.474  21116.381  65.375  54.756      0.000   0.000   0.000   0.000  100.000     5269
 18    821.898    90.394  20039.805  65.391  54.807      0.000   0.000   0.000   0.000  100.000     5398
 19    755.989    90.285  19529.029  65.193  54.647      0.000   0.000   0.000   0.000  100.000     5330
 20    704.531    90.275  18556.212  65.226  54.714      0.000   0.000   0.000   0.000  100.000     5316
 21    661.869    90.235  18223.058  65.436  54.840      0.000   0.000   0.000   0.000  100.000     5349
 22    595.490    90.285  17574.432  65.472  54.911      0.000   0.000   0.000   0.000  100.000     5218
 23    552.013    90.305  17001.792  65.492  54.837      0.000   0.000   0.000   0.000  100.000     5376
 24    513.074    90.195  16500.590  65.387  54.610      0.000   0.000   0.000   0.000  100.000     5411
 25    505.348    90.155  15773.687  65.500  54.701      0.000   0.000   0.000   0.000  100.000     5498
 26    486.225    90.185  15459.491  65.319  54.628      0.000   0.000   0.000   0.000  100.000     5519
 27    473.459    90.185  15132.782  65.254  54.671      0.000   0.000   0.000   0.000  100.000     5384
 28    495.750    90.155  14934.290  65.145  54.526      0.000   0.000   0.000   0.000  100.000     5322
 29    468.614    90.086  14863.274  65.193  54.550      0.000   0.000   0.000   0.000  100.000     5575
 30    443.474    90.145  13835.948  65.351  54.610      0.000   0.000   0.000   0.000  100.000     5501
✔ Saved model to output directory
model-akoksal\model-final
✔ Created best model
model-akoksal\model-best