(.env) PS C:\Users\imete\spacy-tr> py spacy_tr.py train tr model-cc-100K imst-json\tr_imst-ud-train.json imst-json\tr_imst-ud-dev.json --vectors .\vectors\tr_vectors_cc_10K\
Training pipeline: ['tagger', 'parser', 'ner']
Starting with blank model 'tr'
Loading vector from model '.\vectors\tr_vectors_cc_10K\'
Counting training words (limit=0)

Itn  Tag Loss    Tag %    Dep Loss    UAS     LAS    NER Loss   NER P   NER R   NER F   Token %  CPU WPS
---  ---------  --------  ---------  ------  ------  ---------  ------  ------  ------  -------  -------
  1  12707.379    88.712  49652.054  54.072  34.134      0.000   0.000   0.000   0.000  100.000     5452
  2   5505.437    91.668  43974.145  59.395  42.926      0.000   0.000   0.000   0.000  100.000     5222
  3   3951.141    92.654  39839.439  62.233  48.773      0.000   0.000   0.000   0.000  100.000     5667
  4   2973.049    92.903  36919.980  63.827  51.878      0.000   0.000   0.000   0.000  100.000     5608
  5   2381.628    92.952  34156.851  64.309  53.140      0.000   0.000   0.000   0.000  100.000     5717
  6   1895.593    93.122  31636.577  65.250  53.997      0.000   0.000   0.000   0.000  100.000     5701
  7   1569.551    93.072  30043.314  65.746  54.486      0.000   0.000   0.000   0.000  100.000     5615
  8   1293.787    92.982  27926.172  66.069  55.064      0.000   0.000   0.000   0.000  100.000     5571
  9   1212.499    92.972  26072.739  66.279  55.309      0.000   0.000   0.000   0.000  100.000     5425
 10    989.861    92.962  25063.707  66.263  55.451      0.000   0.000   0.000   0.000  100.000     5313
 11    914.037    92.962  23466.188  66.780  55.920      0.000   0.000   0.000   0.000  100.000     5285
 12    821.460    93.022  22538.079  66.683  55.981      0.000   0.000   0.000   0.000  100.000     5112
 13    723.541    92.992  21148.825  66.768  56.100      0.000   0.000   0.000   0.000  100.000     5231
 14    688.493    93.012  20435.229  66.739  56.181      0.000   0.000   0.000   0.000  100.000     5036
 15    636.568    92.962  19519.688  66.634  56.172      0.000   0.000   0.000   0.000  100.000     4919
 16    591.808    92.903  18411.389  66.638  56.115      0.000   0.000   0.000   0.000  100.000     4913
 17    457.591    93.042  18042.195  66.667  56.171      0.000   0.000   0.000   0.000  100.000     4784
 18    448.278    93.022  17015.471  66.614  56.119      0.000   0.000   0.000   0.000  100.000     4802
 19    512.835    92.992  16730.371  66.804  56.285      0.000   0.000   0.000   0.000  100.000     4826
 20    429.849    93.012  15943.209  66.655  56.171      0.000   0.000   0.000   0.000  100.000     4771
 21    407.846    93.062  15488.335  66.308  55.862      0.000   0.000   0.000   0.000  100.000     4832
 22    400.116    93.042  14809.447  66.497  55.967      0.000   0.000   0.000   0.000  100.000     4786
 23    390.319    93.012  14496.377  66.453  56.055      0.000   0.000   0.000   0.000  100.000     4799
 24    351.377    92.942  13809.673  66.538  56.152      0.000   0.000   0.000   0.000  100.000     4874
 25    338.196    92.962  13530.731  66.574  56.334      0.000   0.000   0.000   0.000  100.000     4805
 26    325.422    92.982  13416.085  66.368  56.152      0.000   0.000   0.000   0.000  100.000     4784
 27    292.284    92.962  12721.869  66.481  56.131      0.000   0.000   0.000   0.000  100.000     4808
 28    293.504    92.942  12577.342  66.538  56.213      0.000   0.000   0.000   0.000  100.000     4807
 29    273.552    93.032  12330.241  66.404  56.007      0.000   0.000   0.000   0.000  100.000     4751
 30    264.054    92.992  12015.218  66.501  56.043      0.000   0.000   0.000   0.000  100.000     4805
✔ Saved model to output directory
model-cc-100K\model-final
✔ Created best model
model-cc-100K\model-best

================================== Results ==================================

Time      1.96 s
Words     10029
Words/s   5124
TOK       100.00
POS       92.97
UAS       66.82
LAS       56.38
NER P     0.00
NER R     0.00
NER F     0.00
Textcat   0.00