(.env) PS C:\Users\imete\spacy-tr> py spacy_tr.py train tr model-cc-50K imst-json\tr_imst-ud-train.json imst-json\tr_imst-ud-dev.json --vectors .\vectors\tr_vectors_cc_50K\
Training pipeline: ['tagger', 'parser', 'ner']
Starting with blank model 'tr'
Loading vector from model '.\vectors\tr_vectors_cc_50K\'
Counting training words (limit=0)

Itn  Tag Loss    Tag %    Dep Loss    UAS     LAS    NER Loss   NER P   NER R   NER F   Token %  CPU WPS
---  ---------  --------  ---------  ------  ------  ---------  ------  ------  ------  -------  -------
  1  12532.514    89.598  49552.962  55.442  33.795      0.000   0.000   0.000   0.000  100.000     5437
  2   5262.105    91.947  44324.057  60.953  43.824      0.000   0.000   0.000   0.000  100.000     5560
  3   3779.482    92.942  40131.409  62.801  49.194      0.000   0.000   0.000   0.000  100.000     5648
  4   2783.814    93.042  36727.678  64.760  52.327      0.000   0.000   0.000   0.000  100.000     5659
  5   2204.703    93.112  33920.533  65.209  53.664      0.000   0.000   0.000   0.000  100.000     5669
  6   1766.097    93.042  31893.849  65.912  54.621      0.000   0.000   0.000   0.000  100.000     5703
  7   1479.070    93.231  30150.208  66.380  55.288      0.000   0.000   0.000   0.000  100.000     5523
  8   1285.799    93.291  27883.160  66.667  55.755      0.000   0.000   0.000   0.000  100.000     5626
  9   1067.744    93.321  26219.301  66.429  55.773      0.000   0.000   0.000   0.000  100.000     5572
 10    990.783    93.221  24934.884  66.852  56.086      0.000   0.000   0.000   0.000  100.000     5393
 11    841.842    93.241  23577.407  66.905  56.236      0.000   0.000   0.000   0.000  100.000     5469
 12    747.168    93.271  22468.205  66.986  56.413      0.000   0.000   0.000   0.000  100.000     5457
 13    708.097    93.311  21165.760  66.760  56.224      0.000   0.000   0.000   0.000  100.000     5510
 14    621.577    93.152  20188.510  66.921  56.351      0.000   0.000   0.000   0.000  100.000     5403
 15    629.136    93.191  19417.729  66.590  56.131      0.000   0.000   0.000   0.000  100.000     4988
 16    535.555    93.251  18722.005  66.687  56.373      0.000   0.000   0.000   0.000  100.000     5162
 17    490.494    93.301  17585.891  66.719  56.358      0.000   0.000   0.000   0.000  100.000     4993
 18    463.471    93.311  17417.418  66.622  56.418      0.000   0.000   0.000   0.000  100.000     4769
 19    442.400    93.311  16715.873  66.812  56.730      0.000   0.000   0.000   0.000  100.000     4847
 20    394.592    93.231  16152.250  66.719  56.467      0.000   0.000   0.000   0.000  100.000     4744
 21    387.591    93.211  15157.271  66.768  56.600      0.000   0.000   0.000   0.000  100.000     4288
 22    360.562    93.291  14833.929  66.707  56.636      0.000   0.000   0.000   0.000  100.000     4400
 23    350.742    93.231  14080.734  66.715  56.596      0.000   0.000   0.000   0.000  100.000     4856
 24    340.166    93.201  14047.363  66.828  56.733      0.000   0.000   0.000   0.000  100.000     4777
 25    312.507    93.251  13349.856  66.630  56.560      0.000   0.000   0.000   0.000  100.000     4772
 26    264.355    93.221  13196.245  66.457  56.398      0.000   0.000   0.000   0.000  100.000     4722
 27    302.927    93.251  12857.193  66.505  56.579      0.000   0.000   0.000   0.000  100.000     4770
 28    302.003    93.271  12451.934  66.525  56.600      0.000   0.000   0.000   0.000  100.000     4765
 29    279.321    93.341  11775.518  66.836  56.960      0.000   0.000   0.000   0.000  100.000     4816
 30    299.242    93.301  11682.207  66.699  56.835      0.000   0.000   0.000   0.000  100.000     4711
✔ Saved model to output directory
model-cc-50K\model-final
✔ Created best model
model-cc-50K\model-best
(.env) PS C:\Users\imete\spacy-tr> py -m spacy evaluate .\models\model-cc-50K\model-best\ .\imst-json\tr_imst-ud-test.json

================================== Results ==================================

Time      1.97 s
Words     10029
Words/s   5087
TOK       100.00
POS       93.79
UAS       67.47
LAS       57.54
NER P     0.00
NER R     0.00
NER F     0.00
Textcat   0.00